2021/10/26-12:57:06.281981 70000395c000 RocksDB version: 5.18.4
2021/10/26-12:57:06.282036 70000395c000 Git sha rocksdb_build_git_sha:b9a4a10659969c71e6f6eab4e4bae8c36ede919f
2021/10/26-12:57:06.282039 70000395c000 Compile date Mar 11 2020
2021/10/26-12:57:06.282040 70000395c000 DB SUMMARY
2021/10/26-12:57:06.282122 70000395c000 CURRENT file:  CURRENT
2021/10/26-12:57:06.282124 70000395c000 IDENTITY file:  IDENTITY
2021/10/26-12:57:06.282134 70000395c000 MANIFEST file:  MANIFEST-000037 size: 266 Bytes
2021/10/26-12:57:06.282136 70000395c000 SST files in /Users/ketangote/workspace_learning/spring-kafka-examples/ktable-demo/department-aggregate/employee-department-store/EmployeeService-process-applicationId/2_0/rocksdb/KTABLE-AGGREGATE-STATE-STORE-0000000010 dir, Total Num: 2, files: 000035.sst 000041.sst 
2021/10/26-12:57:06.282138 70000395c000 Write Ahead Log file in /Users/ketangote/workspace_learning/spring-kafka-examples/ktable-demo/department-aggregate/employee-department-store/EmployeeService-process-applicationId/2_0/rocksdb/KTABLE-AGGREGATE-STATE-STORE-0000000010: 000038.log size: 0 ; 
2021/10/26-12:57:06.282140 70000395c000                         Options.error_if_exists: 0
2021/10/26-12:57:06.282142 70000395c000                       Options.create_if_missing: 1
2021/10/26-12:57:06.282143 70000395c000                         Options.paranoid_checks: 1
2021/10/26-12:57:06.282144 70000395c000                                     Options.env: 0x12cbaf308
2021/10/26-12:57:06.282145 70000395c000                                Options.info_log: 0x7fbbcd9164e0
2021/10/26-12:57:06.282146 70000395c000                Options.max_file_opening_threads: 16
2021/10/26-12:57:06.282147 70000395c000                              Options.statistics: 0x0
2021/10/26-12:57:06.282148 70000395c000                               Options.use_fsync: 0
2021/10/26-12:57:06.282149 70000395c000                       Options.max_log_file_size: 0
2021/10/26-12:57:06.282150 70000395c000                  Options.max_manifest_file_size: 1073741824
2021/10/26-12:57:06.282151 70000395c000                   Options.log_file_time_to_roll: 0
2021/10/26-12:57:06.282152 70000395c000                       Options.keep_log_file_num: 1000
2021/10/26-12:57:06.282153 70000395c000                    Options.recycle_log_file_num: 0
2021/10/26-12:57:06.282154 70000395c000                         Options.allow_fallocate: 1
2021/10/26-12:57:06.282155 70000395c000                        Options.allow_mmap_reads: 0
2021/10/26-12:57:06.282155 70000395c000                       Options.allow_mmap_writes: 0
2021/10/26-12:57:06.282156 70000395c000                        Options.use_direct_reads: 0
2021/10/26-12:57:06.282157 70000395c000                        Options.use_direct_io_for_flush_and_compaction: 0
2021/10/26-12:57:06.282158 70000395c000          Options.create_missing_column_families: 0
2021/10/26-12:57:06.282159 70000395c000                              Options.db_log_dir: 
2021/10/26-12:57:06.282160 70000395c000                                 Options.wal_dir: /Users/ketangote/workspace_learning/spring-kafka-examples/ktable-demo/department-aggregate/employee-department-store/EmployeeService-process-applicationId/2_0/rocksdb/KTABLE-AGGREGATE-STATE-STORE-0000000010
2021/10/26-12:57:06.282161 70000395c000                Options.table_cache_numshardbits: 6
2021/10/26-12:57:06.282162 70000395c000                      Options.max_subcompactions: 1
2021/10/26-12:57:06.282163 70000395c000                  Options.max_background_flushes: -1
2021/10/26-12:57:06.282164 70000395c000                         Options.WAL_ttl_seconds: 0
2021/10/26-12:57:06.282165 70000395c000                       Options.WAL_size_limit_MB: 0
2021/10/26-12:57:06.282166 70000395c000             Options.manifest_preallocation_size: 4194304
2021/10/26-12:57:06.282167 70000395c000                     Options.is_fd_close_on_exec: 1
2021/10/26-12:57:06.282168 70000395c000                   Options.advise_random_on_open: 1
2021/10/26-12:57:06.282169 70000395c000                    Options.db_write_buffer_size: 0
2021/10/26-12:57:06.282170 70000395c000                    Options.write_buffer_manager: 0x7fbbcd916530
2021/10/26-12:57:06.282219 70000395c000         Options.access_hint_on_compaction_start: 1
2021/10/26-12:57:06.282220 70000395c000  Options.new_table_reader_for_compaction_inputs: 0
2021/10/26-12:57:06.282221 70000395c000           Options.random_access_max_buffer_size: 1048576
2021/10/26-12:57:06.282222 70000395c000                      Options.use_adaptive_mutex: 0
2021/10/26-12:57:06.282223 70000395c000                            Options.rate_limiter: 0x0
2021/10/26-12:57:06.282224 70000395c000     Options.sst_file_manager.rate_bytes_per_sec: 0
2021/10/26-12:57:06.282225 70000395c000                       Options.wal_recovery_mode: 2
2021/10/26-12:57:06.282226 70000395c000                  Options.enable_thread_tracking: 0
2021/10/26-12:57:06.282227 70000395c000                  Options.enable_pipelined_write: 0
2021/10/26-12:57:06.282228 70000395c000         Options.allow_concurrent_memtable_write: 1
2021/10/26-12:57:06.282229 70000395c000      Options.enable_write_thread_adaptive_yield: 1
2021/10/26-12:57:06.282230 70000395c000             Options.write_thread_max_yield_usec: 100
2021/10/26-12:57:06.282231 70000395c000            Options.write_thread_slow_yield_usec: 3
2021/10/26-12:57:06.282232 70000395c000                               Options.row_cache: None
2021/10/26-12:57:06.282233 70000395c000                              Options.wal_filter: None
2021/10/26-12:57:06.282234 70000395c000             Options.avoid_flush_during_recovery: 0
2021/10/26-12:57:06.282235 70000395c000             Options.allow_ingest_behind: 0
2021/10/26-12:57:06.282236 70000395c000             Options.preserve_deletes: 0
2021/10/26-12:57:06.282237 70000395c000             Options.two_write_queues: 0
2021/10/26-12:57:06.282238 70000395c000             Options.manual_wal_flush: 0
2021/10/26-12:57:06.282239 70000395c000             Options.max_background_jobs: 8
2021/10/26-12:57:06.282239 70000395c000             Options.max_background_compactions: -1
2021/10/26-12:57:06.282240 70000395c000             Options.avoid_flush_during_shutdown: 0
2021/10/26-12:57:06.282241 70000395c000           Options.writable_file_max_buffer_size: 1048576
2021/10/26-12:57:06.282242 70000395c000             Options.delayed_write_rate : 16777216
2021/10/26-12:57:06.282243 70000395c000             Options.max_total_wal_size: 0
2021/10/26-12:57:06.282244 70000395c000             Options.delete_obsolete_files_period_micros: 21600000000
2021/10/26-12:57:06.282245 70000395c000                   Options.stats_dump_period_sec: 600
2021/10/26-12:57:06.282246 70000395c000                          Options.max_open_files: -1
2021/10/26-12:57:06.282247 70000395c000                          Options.bytes_per_sync: 0
2021/10/26-12:57:06.282248 70000395c000                      Options.wal_bytes_per_sync: 0
2021/10/26-12:57:06.282249 70000395c000       Options.compaction_readahead_size: 0
2021/10/26-12:57:06.282250 70000395c000 Compression algorithms supported:
2021/10/26-12:57:06.282251 70000395c000 	kZSTD supported: 1
2021/10/26-12:57:06.282253 70000395c000 	kZlibCompression supported: 1
2021/10/26-12:57:06.282254 70000395c000 	kXpressCompression supported: 0
2021/10/26-12:57:06.282255 70000395c000 	kSnappyCompression supported: 1
2021/10/26-12:57:06.282256 70000395c000 	kZSTDNotFinalCompression supported: 1
2021/10/26-12:57:06.282257 70000395c000 	kLZ4HCCompression supported: 1
2021/10/26-12:57:06.282258 70000395c000 	kLZ4Compression supported: 1
2021/10/26-12:57:06.282258 70000395c000 	kBZip2Compression supported: 1
2021/10/26-12:57:06.282260 70000395c000 Fast CRC32 supported: Not supported on x86
2021/10/26-12:57:06.283013 70000395c000               Options.comparator: leveldb.BytewiseComparator
2021/10/26-12:57:06.283017 70000395c000           Options.merge_operator: None
2021/10/26-12:57:06.283019 70000395c000        Options.compaction_filter: None
2021/10/26-12:57:06.283020 70000395c000        Options.compaction_filter_factory: None
2021/10/26-12:57:06.283021 70000395c000         Options.memtable_factory: SkipListFactory
2021/10/26-12:57:06.283075 70000395c000            Options.table_factory: BlockBasedTable
2021/10/26-12:57:06.283096 70000395c000            table_factory options:   flush_block_policy_factory: FlushBlockBySizePolicyFactory (0x7fbbcd914c30)
  cache_index_and_filter_blocks: 0
  cache_index_and_filter_blocks_with_high_priority: 0
  pin_l0_filter_and_index_blocks_in_cache: 0
  pin_top_level_index_and_filter: 1
  index_type: 0
  hash_index_allow_collision: 1
  checksum: 1
  no_block_cache: 0
  block_cache: 0x7fbbcd9184e8
  block_cache_name: LRUCache
  block_cache_options:
    capacity : 52428800
    num_shard_bits : 6
    strict_capacity_limit : 0
    memory_allocator : None
    high_pri_pool_ratio: 0.000
  block_cache_compressed: 0x0
  persistent_cache: 0x0
  block_size: 4096
  block_size_deviation: 10
  block_restart_interval: 16
  index_block_restart_interval: 1
  metadata_block_size: 4096
  partition_filters: 0
  use_delta_encoding: 1
  filter_policy: rocksdb.BuiltinBloomFilter
  whole_key_filtering: 1
  verify_compression: 0
  read_amp_bytes_per_bit: 0
  format_version: 0
  enable_index_compression: 1
  block_align: 0
2021/10/26-12:57:06.283100 70000395c000        Options.write_buffer_size: 16777216
2021/10/26-12:57:06.283102 70000395c000  Options.max_write_buffer_number: 3
2021/10/26-12:57:06.283103 70000395c000          Options.compression: NoCompression
2021/10/26-12:57:06.283104 70000395c000                  Options.bottommost_compression: Disabled
2021/10/26-12:57:06.283105 70000395c000       Options.prefix_extractor: nullptr
2021/10/26-12:57:06.283106 70000395c000   Options.memtable_insert_with_hint_prefix_extractor: nullptr
2021/10/26-12:57:06.283107 70000395c000             Options.num_levels: 7
2021/10/26-12:57:06.283108 70000395c000        Options.min_write_buffer_number_to_merge: 1
2021/10/26-12:57:06.283109 70000395c000     Options.max_write_buffer_number_to_maintain: 0
2021/10/26-12:57:06.283110 70000395c000            Options.bottommost_compression_opts.window_bits: -14
2021/10/26-12:57:06.283111 70000395c000                  Options.bottommost_compression_opts.level: 32767
2021/10/26-12:57:06.283112 70000395c000               Options.bottommost_compression_opts.strategy: 0
2021/10/26-12:57:06.283113 70000395c000         Options.bottommost_compression_opts.max_dict_bytes: 0
2021/10/26-12:57:06.283114 70000395c000         Options.bottommost_compression_opts.zstd_max_train_bytes: 0
2021/10/26-12:57:06.283115 70000395c000                  Options.bottommost_compression_opts.enabled: false
2021/10/26-12:57:06.283116 70000395c000            Options.compression_opts.window_bits: -14
2021/10/26-12:57:06.283117 70000395c000                  Options.compression_opts.level: 32767
2021/10/26-12:57:06.283118 70000395c000               Options.compression_opts.strategy: 0
2021/10/26-12:57:06.283119 70000395c000         Options.compression_opts.max_dict_bytes: 0
2021/10/26-12:57:06.283120 70000395c000         Options.compression_opts.zstd_max_train_bytes: 0
2021/10/26-12:57:06.283121 70000395c000                  Options.compression_opts.enabled: false
2021/10/26-12:57:06.283122 70000395c000      Options.level0_file_num_compaction_trigger: 4
2021/10/26-12:57:06.283123 70000395c000          Options.level0_slowdown_writes_trigger: 20
2021/10/26-12:57:06.283124 70000395c000              Options.level0_stop_writes_trigger: 36
2021/10/26-12:57:06.283125 70000395c000                   Options.target_file_size_base: 67108864
2021/10/26-12:57:06.283126 70000395c000             Options.target_file_size_multiplier: 1
2021/10/26-12:57:06.283126 70000395c000                Options.max_bytes_for_level_base: 268435456
2021/10/26-12:57:06.283128 70000395c000 Options.level_compaction_dynamic_level_bytes: 0
2021/10/26-12:57:06.283128 70000395c000          Options.max_bytes_for_level_multiplier: 10.000000
2021/10/26-12:57:06.283130 70000395c000 Options.max_bytes_for_level_multiplier_addtl[0]: 1
2021/10/26-12:57:06.283131 70000395c000 Options.max_bytes_for_level_multiplier_addtl[1]: 1
2021/10/26-12:57:06.283132 70000395c000 Options.max_bytes_for_level_multiplier_addtl[2]: 1
2021/10/26-12:57:06.283172 70000395c000 Options.max_bytes_for_level_multiplier_addtl[3]: 1
2021/10/26-12:57:06.283174 70000395c000 Options.max_bytes_for_level_multiplier_addtl[4]: 1
2021/10/26-12:57:06.283175 70000395c000 Options.max_bytes_for_level_multiplier_addtl[5]: 1
2021/10/26-12:57:06.283176 70000395c000 Options.max_bytes_for_level_multiplier_addtl[6]: 1
2021/10/26-12:57:06.283176 70000395c000       Options.max_sequential_skip_in_iterations: 8
2021/10/26-12:57:06.283177 70000395c000                    Options.max_compaction_bytes: 1677721600
2021/10/26-12:57:06.283178 70000395c000                        Options.arena_block_size: 2097152
2021/10/26-12:57:06.283179 70000395c000   Options.soft_pending_compaction_bytes_limit: 68719476736
2021/10/26-12:57:06.283180 70000395c000   Options.hard_pending_compaction_bytes_limit: 274877906944
2021/10/26-12:57:06.283182 70000395c000       Options.rate_limit_delay_max_milliseconds: 100
2021/10/26-12:57:06.283183 70000395c000                Options.disable_auto_compactions: 0
2021/10/26-12:57:06.283184 70000395c000                        Options.compaction_style: kCompactionStyleUniversal
2021/10/26-12:57:06.283185 70000395c000                          Options.compaction_pri: kByCompensatedSize
2021/10/26-12:57:06.283186 70000395c000 Options.compaction_options_universal.size_ratio: 1
2021/10/26-12:57:06.283187 70000395c000 Options.compaction_options_universal.min_merge_width: 2
2021/10/26-12:57:06.283188 70000395c000 Options.compaction_options_universal.max_merge_width: 4294967295
2021/10/26-12:57:06.283189 70000395c000 Options.compaction_options_universal.max_size_amplification_percent: 200
2021/10/26-12:57:06.283190 70000395c000 Options.compaction_options_universal.compression_size_percent: -1
2021/10/26-12:57:06.283191 70000395c000 Options.compaction_options_universal.stop_style: kCompactionStopStyleTotalSize
2021/10/26-12:57:06.283192 70000395c000 Options.compaction_options_fifo.max_table_files_size: 1073741824
2021/10/26-12:57:06.283193 70000395c000 Options.compaction_options_fifo.allow_compaction: 0
2021/10/26-12:57:06.283194 70000395c000 Options.compaction_options_fifo.ttl: 0
2021/10/26-12:57:06.283195 70000395c000                   Options.table_properties_collectors: 
2021/10/26-12:57:06.283196 70000395c000                   Options.inplace_update_support: 0
2021/10/26-12:57:06.283197 70000395c000                 Options.inplace_update_num_locks: 10000
2021/10/26-12:57:06.283198 70000395c000               Options.memtable_prefix_bloom_size_ratio: 0.000000
2021/10/26-12:57:06.283199 70000395c000   Options.memtable_huge_page_size: 0
2021/10/26-12:57:06.283200 70000395c000                           Options.bloom_locality: 0
2021/10/26-12:57:06.283201 70000395c000                    Options.max_successive_merges: 0
2021/10/26-12:57:06.283202 70000395c000                Options.optimize_filters_for_hits: 0
2021/10/26-12:57:06.283203 70000395c000                Options.paranoid_file_checks: 0
2021/10/26-12:57:06.283204 70000395c000                Options.force_consistency_checks: 0
2021/10/26-12:57:06.283205 70000395c000                Options.report_bg_io_stats: 0
2021/10/26-12:57:06.283206 70000395c000                               Options.ttl: 0
2021/10/26-12:57:06.283410 70000395c000               Options.comparator: leveldb.BytewiseComparator
2021/10/26-12:57:06.283415 70000395c000           Options.merge_operator: None
2021/10/26-12:57:06.283417 70000395c000        Options.compaction_filter: None
2021/10/26-12:57:06.283418 70000395c000        Options.compaction_filter_factory: None
2021/10/26-12:57:06.283419 70000395c000         Options.memtable_factory: SkipListFactory
2021/10/26-12:57:06.283420 70000395c000            Options.table_factory: BlockBasedTable
2021/10/26-12:57:06.283436 70000395c000            table_factory options:   flush_block_policy_factory: FlushBlockBySizePolicyFactory (0x7fbbcd914c30)
  cache_index_and_filter_blocks: 0
  cache_index_and_filter_blocks_with_high_priority: 0
  pin_l0_filter_and_index_blocks_in_cache: 0
  pin_top_level_index_and_filter: 1
  index_type: 0
  hash_index_allow_collision: 1
  checksum: 1
  no_block_cache: 0
  block_cache: 0x7fbbcd9184e8
  block_cache_name: LRUCache
  block_cache_options:
    capacity : 52428800
    num_shard_bits : 6
    strict_capacity_limit : 0
    memory_allocator : None
    high_pri_pool_ratio: 0.000
  block_cache_compressed: 0x0
  persistent_cache: 0x0
  block_size: 4096
  block_size_deviation: 10
  block_restart_interval: 16
  index_block_restart_interval: 1
  metadata_block_size: 4096
  partition_filters: 0
  use_delta_encoding: 1
  filter_policy: rocksdb.BuiltinBloomFilter
  whole_key_filtering: 1
  verify_compression: 0
  read_amp_bytes_per_bit: 0
  format_version: 0
  enable_index_compression: 1
  block_align: 0
2021/10/26-12:57:06.283493 70000395c000        Options.write_buffer_size: 16777216
2021/10/26-12:57:06.283495 70000395c000  Options.max_write_buffer_number: 3
2021/10/26-12:57:06.283496 70000395c000          Options.compression: NoCompression
2021/10/26-12:57:06.283497 70000395c000                  Options.bottommost_compression: Disabled
2021/10/26-12:57:06.283498 70000395c000       Options.prefix_extractor: nullptr
2021/10/26-12:57:06.283499 70000395c000   Options.memtable_insert_with_hint_prefix_extractor: nullptr
2021/10/26-12:57:06.283500 70000395c000             Options.num_levels: 7
2021/10/26-12:57:06.283501 70000395c000        Options.min_write_buffer_number_to_merge: 1
2021/10/26-12:57:06.283502 70000395c000     Options.max_write_buffer_number_to_maintain: 0
2021/10/26-12:57:06.283503 70000395c000            Options.bottommost_compression_opts.window_bits: -14
2021/10/26-12:57:06.283504 70000395c000                  Options.bottommost_compression_opts.level: 32767
2021/10/26-12:57:06.283505 70000395c000               Options.bottommost_compression_opts.strategy: 0
2021/10/26-12:57:06.283506 70000395c000         Options.bottommost_compression_opts.max_dict_bytes: 0
2021/10/26-12:57:06.283507 70000395c000         Options.bottommost_compression_opts.zstd_max_train_bytes: 0
2021/10/26-12:57:06.283508 70000395c000                  Options.bottommost_compression_opts.enabled: false
2021/10/26-12:57:06.283509 70000395c000            Options.compression_opts.window_bits: -14
2021/10/26-12:57:06.283510 70000395c000                  Options.compression_opts.level: 32767
2021/10/26-12:57:06.283511 70000395c000               Options.compression_opts.strategy: 0
2021/10/26-12:57:06.283512 70000395c000         Options.compression_opts.max_dict_bytes: 0
2021/10/26-12:57:06.283513 70000395c000         Options.compression_opts.zstd_max_train_bytes: 0
2021/10/26-12:57:06.283514 70000395c000                  Options.compression_opts.enabled: false
2021/10/26-12:57:06.283515 70000395c000      Options.level0_file_num_compaction_trigger: 4
2021/10/26-12:57:06.283516 70000395c000          Options.level0_slowdown_writes_trigger: 20
2021/10/26-12:57:06.283517 70000395c000              Options.level0_stop_writes_trigger: 36
2021/10/26-12:57:06.283518 70000395c000                   Options.target_file_size_base: 67108864
2021/10/26-12:57:06.283519 70000395c000             Options.target_file_size_multiplier: 1
2021/10/26-12:57:06.283520 70000395c000                Options.max_bytes_for_level_base: 268435456
2021/10/26-12:57:06.283520 70000395c000 Options.level_compaction_dynamic_level_bytes: 0
2021/10/26-12:57:06.283521 70000395c000          Options.max_bytes_for_level_multiplier: 10.000000
2021/10/26-12:57:06.283523 70000395c000 Options.max_bytes_for_level_multiplier_addtl[0]: 1
2021/10/26-12:57:06.283524 70000395c000 Options.max_bytes_for_level_multiplier_addtl[1]: 1
2021/10/26-12:57:06.283525 70000395c000 Options.max_bytes_for_level_multiplier_addtl[2]: 1
2021/10/26-12:57:06.283526 70000395c000 Options.max_bytes_for_level_multiplier_addtl[3]: 1
2021/10/26-12:57:06.283527 70000395c000 Options.max_bytes_for_level_multiplier_addtl[4]: 1
2021/10/26-12:57:06.283528 70000395c000 Options.max_bytes_for_level_multiplier_addtl[5]: 1
2021/10/26-12:57:06.283529 70000395c000 Options.max_bytes_for_level_multiplier_addtl[6]: 1
2021/10/26-12:57:06.283565 70000395c000       Options.max_sequential_skip_in_iterations: 8
2021/10/26-12:57:06.283567 70000395c000                    Options.max_compaction_bytes: 1677721600
2021/10/26-12:57:06.283568 70000395c000                        Options.arena_block_size: 2097152
2021/10/26-12:57:06.283569 70000395c000   Options.soft_pending_compaction_bytes_limit: 68719476736
2021/10/26-12:57:06.283570 70000395c000   Options.hard_pending_compaction_bytes_limit: 274877906944
2021/10/26-12:57:06.283571 70000395c000       Options.rate_limit_delay_max_milliseconds: 100
2021/10/26-12:57:06.283572 70000395c000                Options.disable_auto_compactions: 0
2021/10/26-12:57:06.283573 70000395c000                        Options.compaction_style: kCompactionStyleUniversal
2021/10/26-12:57:06.283575 70000395c000                          Options.compaction_pri: kByCompensatedSize
2021/10/26-12:57:06.283576 70000395c000 Options.compaction_options_universal.size_ratio: 1
2021/10/26-12:57:06.283576 70000395c000 Options.compaction_options_universal.min_merge_width: 2
2021/10/26-12:57:06.283577 70000395c000 Options.compaction_options_universal.max_merge_width: 4294967295
2021/10/26-12:57:06.283578 70000395c000 Options.compaction_options_universal.max_size_amplification_percent: 200
2021/10/26-12:57:06.283579 70000395c000 Options.compaction_options_universal.compression_size_percent: -1
2021/10/26-12:57:06.283581 70000395c000 Options.compaction_options_universal.stop_style: kCompactionStopStyleTotalSize
2021/10/26-12:57:06.283582 70000395c000 Options.compaction_options_fifo.max_table_files_size: 1073741824
2021/10/26-12:57:06.283583 70000395c000 Options.compaction_options_fifo.allow_compaction: 0
2021/10/26-12:57:06.283584 70000395c000 Options.compaction_options_fifo.ttl: 0
2021/10/26-12:57:06.283585 70000395c000                   Options.table_properties_collectors: 
2021/10/26-12:57:06.283585 70000395c000                   Options.inplace_update_support: 0
2021/10/26-12:57:06.283586 70000395c000                 Options.inplace_update_num_locks: 10000
2021/10/26-12:57:06.283587 70000395c000               Options.memtable_prefix_bloom_size_ratio: 0.000000
2021/10/26-12:57:06.283589 70000395c000   Options.memtable_huge_page_size: 0
2021/10/26-12:57:06.283590 70000395c000                           Options.bloom_locality: 0
2021/10/26-12:57:06.283591 70000395c000                    Options.max_successive_merges: 0
2021/10/26-12:57:06.283591 70000395c000                Options.optimize_filters_for_hits: 0
2021/10/26-12:57:06.283592 70000395c000                Options.paranoid_file_checks: 0
2021/10/26-12:57:06.283593 70000395c000                Options.force_consistency_checks: 0
2021/10/26-12:57:06.283594 70000395c000                Options.report_bg_io_stats: 0
2021/10/26-12:57:06.283595 70000395c000                               Options.ttl: 0
