2021/10/26-13:37:25.271952 70000ceef000 RocksDB version: 5.18.4
2021/10/26-13:37:25.272039 70000ceef000 Git sha rocksdb_build_git_sha:b9a4a10659969c71e6f6eab4e4bae8c36ede919f
2021/10/26-13:37:25.272045 70000ceef000 Compile date Mar 11 2020
2021/10/26-13:37:25.272047 70000ceef000 DB SUMMARY
2021/10/26-13:37:25.272213 70000ceef000 CURRENT file:  CURRENT
2021/10/26-13:37:25.272218 70000ceef000 IDENTITY file:  IDENTITY
2021/10/26-13:37:25.272237 70000ceef000 MANIFEST file:  MANIFEST-000071 size: 234 Bytes
2021/10/26-13:37:25.272240 70000ceef000 SST files in /Users/ketangote/workspace_learning/spring-kafka-examples/ktable-demo/department-aggregate/employee-department-store/EmployeeService-process-applicationId/2_0/rocksdb/KTABLE-AGGREGATE-STATE-STORE-0000000010 dir, Total Num: 2, files: 000054.sst 000069.sst 
2021/10/26-13:37:25.272242 70000ceef000 Write Ahead Log file in /Users/ketangote/workspace_learning/spring-kafka-examples/ktable-demo/department-aggregate/employee-department-store/EmployeeService-process-applicationId/2_0/rocksdb/KTABLE-AGGREGATE-STATE-STORE-0000000010: 000072.log size: 0 ; 
2021/10/26-13:37:25.272248 70000ceef000                         Options.error_if_exists: 0
2021/10/26-13:37:25.272249 70000ceef000                       Options.create_if_missing: 1
2021/10/26-13:37:25.272251 70000ceef000                         Options.paranoid_checks: 1
2021/10/26-13:37:25.272252 70000ceef000                                     Options.env: 0x129b56308
2021/10/26-13:37:25.272254 70000ceef000                                Options.info_log: 0x7fc09d518f20
2021/10/26-13:37:25.272256 70000ceef000                Options.max_file_opening_threads: 16
2021/10/26-13:37:25.272257 70000ceef000                              Options.statistics: 0x0
2021/10/26-13:37:25.272259 70000ceef000                               Options.use_fsync: 0
2021/10/26-13:37:25.272260 70000ceef000                       Options.max_log_file_size: 0
2021/10/26-13:37:25.272262 70000ceef000                  Options.max_manifest_file_size: 1073741824
2021/10/26-13:37:25.272263 70000ceef000                   Options.log_file_time_to_roll: 0
2021/10/26-13:37:25.272265 70000ceef000                       Options.keep_log_file_num: 1000
2021/10/26-13:37:25.272266 70000ceef000                    Options.recycle_log_file_num: 0
2021/10/26-13:37:25.272268 70000ceef000                         Options.allow_fallocate: 1
2021/10/26-13:37:25.272269 70000ceef000                        Options.allow_mmap_reads: 0
2021/10/26-13:37:25.272271 70000ceef000                       Options.allow_mmap_writes: 0
2021/10/26-13:37:25.272272 70000ceef000                        Options.use_direct_reads: 0
2021/10/26-13:37:25.272274 70000ceef000                        Options.use_direct_io_for_flush_and_compaction: 0
2021/10/26-13:37:25.272275 70000ceef000          Options.create_missing_column_families: 0
2021/10/26-13:37:25.272277 70000ceef000                              Options.db_log_dir: 
2021/10/26-13:37:25.272278 70000ceef000                                 Options.wal_dir: /Users/ketangote/workspace_learning/spring-kafka-examples/ktable-demo/department-aggregate/employee-department-store/EmployeeService-process-applicationId/2_0/rocksdb/KTABLE-AGGREGATE-STATE-STORE-0000000010
2021/10/26-13:37:25.272280 70000ceef000                Options.table_cache_numshardbits: 6
2021/10/26-13:37:25.272281 70000ceef000                      Options.max_subcompactions: 1
2021/10/26-13:37:25.272283 70000ceef000                  Options.max_background_flushes: -1
2021/10/26-13:37:25.272285 70000ceef000                         Options.WAL_ttl_seconds: 0
2021/10/26-13:37:25.272286 70000ceef000                       Options.WAL_size_limit_MB: 0
2021/10/26-13:37:25.272287 70000ceef000             Options.manifest_preallocation_size: 4194304
2021/10/26-13:37:25.272289 70000ceef000                     Options.is_fd_close_on_exec: 1
2021/10/26-13:37:25.272291 70000ceef000                   Options.advise_random_on_open: 1
2021/10/26-13:37:25.272292 70000ceef000                    Options.db_write_buffer_size: 0
2021/10/26-13:37:25.272294 70000ceef000                    Options.write_buffer_manager: 0x7fc09d518d60
2021/10/26-13:37:25.272337 70000ceef000         Options.access_hint_on_compaction_start: 1
2021/10/26-13:37:25.272340 70000ceef000  Options.new_table_reader_for_compaction_inputs: 0
2021/10/26-13:37:25.272341 70000ceef000           Options.random_access_max_buffer_size: 1048576
2021/10/26-13:37:25.272343 70000ceef000                      Options.use_adaptive_mutex: 0
2021/10/26-13:37:25.272344 70000ceef000                            Options.rate_limiter: 0x0
2021/10/26-13:37:25.272346 70000ceef000     Options.sst_file_manager.rate_bytes_per_sec: 0
2021/10/26-13:37:25.272348 70000ceef000                       Options.wal_recovery_mode: 2
2021/10/26-13:37:25.272349 70000ceef000                  Options.enable_thread_tracking: 0
2021/10/26-13:37:25.272351 70000ceef000                  Options.enable_pipelined_write: 0
2021/10/26-13:37:25.272352 70000ceef000         Options.allow_concurrent_memtable_write: 1
2021/10/26-13:37:25.272354 70000ceef000      Options.enable_write_thread_adaptive_yield: 1
2021/10/26-13:37:25.272355 70000ceef000             Options.write_thread_max_yield_usec: 100
2021/10/26-13:37:25.272357 70000ceef000            Options.write_thread_slow_yield_usec: 3
2021/10/26-13:37:25.272358 70000ceef000                               Options.row_cache: None
2021/10/26-13:37:25.272360 70000ceef000                              Options.wal_filter: None
2021/10/26-13:37:25.272361 70000ceef000             Options.avoid_flush_during_recovery: 0
2021/10/26-13:37:25.272363 70000ceef000             Options.allow_ingest_behind: 0
2021/10/26-13:37:25.272365 70000ceef000             Options.preserve_deletes: 0
2021/10/26-13:37:25.272366 70000ceef000             Options.two_write_queues: 0
2021/10/26-13:37:25.272367 70000ceef000             Options.manual_wal_flush: 0
2021/10/26-13:37:25.272369 70000ceef000             Options.max_background_jobs: 8
2021/10/26-13:37:25.272371 70000ceef000             Options.max_background_compactions: -1
2021/10/26-13:37:25.272372 70000ceef000             Options.avoid_flush_during_shutdown: 0
2021/10/26-13:37:25.272373 70000ceef000           Options.writable_file_max_buffer_size: 1048576
2021/10/26-13:37:25.272375 70000ceef000             Options.delayed_write_rate : 16777216
2021/10/26-13:37:25.272377 70000ceef000             Options.max_total_wal_size: 0
2021/10/26-13:37:25.272378 70000ceef000             Options.delete_obsolete_files_period_micros: 21600000000
2021/10/26-13:37:25.272380 70000ceef000                   Options.stats_dump_period_sec: 600
2021/10/26-13:37:25.272382 70000ceef000                          Options.max_open_files: -1
2021/10/26-13:37:25.272383 70000ceef000                          Options.bytes_per_sync: 0
2021/10/26-13:37:25.272385 70000ceef000                      Options.wal_bytes_per_sync: 0
2021/10/26-13:37:25.272386 70000ceef000       Options.compaction_readahead_size: 0
2021/10/26-13:37:25.272388 70000ceef000 Compression algorithms supported:
2021/10/26-13:37:25.272391 70000ceef000 	kZSTD supported: 1
2021/10/26-13:37:25.272393 70000ceef000 	kZlibCompression supported: 1
2021/10/26-13:37:25.272394 70000ceef000 	kXpressCompression supported: 0
2021/10/26-13:37:25.272396 70000ceef000 	kSnappyCompression supported: 1
2021/10/26-13:37:25.272397 70000ceef000 	kZSTDNotFinalCompression supported: 1
2021/10/26-13:37:25.272399 70000ceef000 	kLZ4HCCompression supported: 1
2021/10/26-13:37:25.272400 70000ceef000 	kLZ4Compression supported: 1
2021/10/26-13:37:25.272402 70000ceef000 	kBZip2Compression supported: 1
2021/10/26-13:37:25.272404 70000ceef000 Fast CRC32 supported: Not supported on x86
2021/10/26-13:37:25.272750 70000ceef000               Options.comparator: leveldb.BytewiseComparator
2021/10/26-13:37:25.272755 70000ceef000           Options.merge_operator: None
2021/10/26-13:37:25.272757 70000ceef000        Options.compaction_filter: None
2021/10/26-13:37:25.272758 70000ceef000        Options.compaction_filter_factory: None
2021/10/26-13:37:25.272760 70000ceef000         Options.memtable_factory: SkipListFactory
2021/10/26-13:37:25.272797 70000ceef000            Options.table_factory: BlockBasedTable
2021/10/26-13:37:25.272818 70000ceef000            table_factory options:   flush_block_policy_factory: FlushBlockBySizePolicyFactory (0x7fc09d510a50)
  cache_index_and_filter_blocks: 0
  cache_index_and_filter_blocks_with_high_priority: 0
  pin_l0_filter_and_index_blocks_in_cache: 0
  pin_top_level_index_and_filter: 1
  index_type: 0
  hash_index_allow_collision: 1
  checksum: 1
  no_block_cache: 0
  block_cache: 0x7fc09d5196d8
  block_cache_name: LRUCache
  block_cache_options:
    capacity : 52428800
    num_shard_bits : 6
    strict_capacity_limit : 0
    memory_allocator : None
    high_pri_pool_ratio: 0.000
  block_cache_compressed: 0x0
  persistent_cache: 0x0
  block_size: 4096
  block_size_deviation: 10
  block_restart_interval: 16
  index_block_restart_interval: 1
  metadata_block_size: 4096
  partition_filters: 0
  use_delta_encoding: 1
  filter_policy: rocksdb.BuiltinBloomFilter
  whole_key_filtering: 1
  verify_compression: 0
  read_amp_bytes_per_bit: 0
  format_version: 0
  enable_index_compression: 1
  block_align: 0
2021/10/26-13:37:25.272823 70000ceef000        Options.write_buffer_size: 16777216
2021/10/26-13:37:25.272825 70000ceef000  Options.max_write_buffer_number: 3
2021/10/26-13:37:25.272826 70000ceef000          Options.compression: NoCompression
2021/10/26-13:37:25.272828 70000ceef000                  Options.bottommost_compression: Disabled
2021/10/26-13:37:25.272829 70000ceef000       Options.prefix_extractor: nullptr
2021/10/26-13:37:25.272831 70000ceef000   Options.memtable_insert_with_hint_prefix_extractor: nullptr
2021/10/26-13:37:25.272833 70000ceef000             Options.num_levels: 7
2021/10/26-13:37:25.272834 70000ceef000        Options.min_write_buffer_number_to_merge: 1
2021/10/26-13:37:25.272836 70000ceef000     Options.max_write_buffer_number_to_maintain: 0
2021/10/26-13:37:25.272837 70000ceef000            Options.bottommost_compression_opts.window_bits: -14
2021/10/26-13:37:25.272838 70000ceef000                  Options.bottommost_compression_opts.level: 32767
2021/10/26-13:37:25.272840 70000ceef000               Options.bottommost_compression_opts.strategy: 0
2021/10/26-13:37:25.272841 70000ceef000         Options.bottommost_compression_opts.max_dict_bytes: 0
2021/10/26-13:37:25.272842 70000ceef000         Options.bottommost_compression_opts.zstd_max_train_bytes: 0
2021/10/26-13:37:25.272844 70000ceef000                  Options.bottommost_compression_opts.enabled: false
2021/10/26-13:37:25.272845 70000ceef000            Options.compression_opts.window_bits: -14
2021/10/26-13:37:25.272847 70000ceef000                  Options.compression_opts.level: 32767
2021/10/26-13:37:25.272848 70000ceef000               Options.compression_opts.strategy: 0
2021/10/26-13:37:25.272851 70000ceef000         Options.compression_opts.max_dict_bytes: 0
2021/10/26-13:37:25.272852 70000ceef000         Options.compression_opts.zstd_max_train_bytes: 0
2021/10/26-13:37:25.272854 70000ceef000                  Options.compression_opts.enabled: false
2021/10/26-13:37:25.272855 70000ceef000      Options.level0_file_num_compaction_trigger: 4
2021/10/26-13:37:25.272856 70000ceef000          Options.level0_slowdown_writes_trigger: 20
2021/10/26-13:37:25.272858 70000ceef000              Options.level0_stop_writes_trigger: 36
2021/10/26-13:37:25.272859 70000ceef000                   Options.target_file_size_base: 67108864
2021/10/26-13:37:25.272861 70000ceef000             Options.target_file_size_multiplier: 1
2021/10/26-13:37:25.272862 70000ceef000                Options.max_bytes_for_level_base: 268435456
2021/10/26-13:37:25.272864 70000ceef000 Options.level_compaction_dynamic_level_bytes: 0
2021/10/26-13:37:25.272865 70000ceef000          Options.max_bytes_for_level_multiplier: 10.000000
2021/10/26-13:37:25.272868 70000ceef000 Options.max_bytes_for_level_multiplier_addtl[0]: 1
2021/10/26-13:37:25.272870 70000ceef000 Options.max_bytes_for_level_multiplier_addtl[1]: 1
2021/10/26-13:37:25.272871 70000ceef000 Options.max_bytes_for_level_multiplier_addtl[2]: 1
2021/10/26-13:37:25.272904 70000ceef000 Options.max_bytes_for_level_multiplier_addtl[3]: 1
2021/10/26-13:37:25.272906 70000ceef000 Options.max_bytes_for_level_multiplier_addtl[4]: 1
2021/10/26-13:37:25.272908 70000ceef000 Options.max_bytes_for_level_multiplier_addtl[5]: 1
2021/10/26-13:37:25.272909 70000ceef000 Options.max_bytes_for_level_multiplier_addtl[6]: 1
2021/10/26-13:37:25.272911 70000ceef000       Options.max_sequential_skip_in_iterations: 8
2021/10/26-13:37:25.272912 70000ceef000                    Options.max_compaction_bytes: 1677721600
2021/10/26-13:37:25.272913 70000ceef000                        Options.arena_block_size: 2097152
2021/10/26-13:37:25.272915 70000ceef000   Options.soft_pending_compaction_bytes_limit: 68719476736
2021/10/26-13:37:25.272916 70000ceef000   Options.hard_pending_compaction_bytes_limit: 274877906944
2021/10/26-13:37:25.272918 70000ceef000       Options.rate_limit_delay_max_milliseconds: 100
2021/10/26-13:37:25.272919 70000ceef000                Options.disable_auto_compactions: 0
2021/10/26-13:37:25.272922 70000ceef000                        Options.compaction_style: kCompactionStyleUniversal
2021/10/26-13:37:25.272924 70000ceef000                          Options.compaction_pri: kByCompensatedSize
2021/10/26-13:37:25.272926 70000ceef000 Options.compaction_options_universal.size_ratio: 1
2021/10/26-13:37:25.272927 70000ceef000 Options.compaction_options_universal.min_merge_width: 2
2021/10/26-13:37:25.272929 70000ceef000 Options.compaction_options_universal.max_merge_width: 4294967295
2021/10/26-13:37:25.272931 70000ceef000 Options.compaction_options_universal.max_size_amplification_percent: 200
2021/10/26-13:37:25.272932 70000ceef000 Options.compaction_options_universal.compression_size_percent: -1
2021/10/26-13:37:25.272935 70000ceef000 Options.compaction_options_universal.stop_style: kCompactionStopStyleTotalSize
2021/10/26-13:37:25.272936 70000ceef000 Options.compaction_options_fifo.max_table_files_size: 1073741824
2021/10/26-13:37:25.272938 70000ceef000 Options.compaction_options_fifo.allow_compaction: 0
2021/10/26-13:37:25.272940 70000ceef000 Options.compaction_options_fifo.ttl: 0
2021/10/26-13:37:25.272941 70000ceef000                   Options.table_properties_collectors: 
2021/10/26-13:37:25.272942 70000ceef000                   Options.inplace_update_support: 0
2021/10/26-13:37:25.272944 70000ceef000                 Options.inplace_update_num_locks: 10000
2021/10/26-13:37:25.272945 70000ceef000               Options.memtable_prefix_bloom_size_ratio: 0.000000
2021/10/26-13:37:25.272947 70000ceef000   Options.memtable_huge_page_size: 0
2021/10/26-13:37:25.272948 70000ceef000                           Options.bloom_locality: 0
2021/10/26-13:37:25.272950 70000ceef000                    Options.max_successive_merges: 0
2021/10/26-13:37:25.272951 70000ceef000                Options.optimize_filters_for_hits: 0
2021/10/26-13:37:25.272952 70000ceef000                Options.paranoid_file_checks: 0
2021/10/26-13:37:25.272953 70000ceef000                Options.force_consistency_checks: 0
2021/10/26-13:37:25.272955 70000ceef000                Options.report_bg_io_stats: 0
2021/10/26-13:37:25.272956 70000ceef000                               Options.ttl: 0
2021/10/26-13:37:25.273009 70000ceef000               Options.comparator: leveldb.BytewiseComparator
2021/10/26-13:37:25.273012 70000ceef000           Options.merge_operator: None
2021/10/26-13:37:25.273014 70000ceef000        Options.compaction_filter: None
2021/10/26-13:37:25.273015 70000ceef000        Options.compaction_filter_factory: None
2021/10/26-13:37:25.273016 70000ceef000         Options.memtable_factory: SkipListFactory
2021/10/26-13:37:25.273018 70000ceef000            Options.table_factory: BlockBasedTable
2021/10/26-13:37:25.273034 70000ceef000            table_factory options:   flush_block_policy_factory: FlushBlockBySizePolicyFactory (0x7fc09d510a50)
  cache_index_and_filter_blocks: 0
  cache_index_and_filter_blocks_with_high_priority: 0
  pin_l0_filter_and_index_blocks_in_cache: 0
  pin_top_level_index_and_filter: 1
  index_type: 0
  hash_index_allow_collision: 1
  checksum: 1
  no_block_cache: 0
  block_cache: 0x7fc09d5196d8
  block_cache_name: LRUCache
  block_cache_options:
    capacity : 52428800
    num_shard_bits : 6
    strict_capacity_limit : 0
    memory_allocator : None
    high_pri_pool_ratio: 0.000
  block_cache_compressed: 0x0
  persistent_cache: 0x0
  block_size: 4096
  block_size_deviation: 10
  block_restart_interval: 16
  index_block_restart_interval: 1
  metadata_block_size: 4096
  partition_filters: 0
  use_delta_encoding: 1
  filter_policy: rocksdb.BuiltinBloomFilter
  whole_key_filtering: 1
  verify_compression: 0
  read_amp_bytes_per_bit: 0
  format_version: 0
  enable_index_compression: 1
  block_align: 0
2021/10/26-13:37:25.273066 70000ceef000        Options.write_buffer_size: 16777216
2021/10/26-13:37:25.273068 70000ceef000  Options.max_write_buffer_number: 3
2021/10/26-13:37:25.273070 70000ceef000          Options.compression: NoCompression
2021/10/26-13:37:25.273071 70000ceef000                  Options.bottommost_compression: Disabled
2021/10/26-13:37:25.273073 70000ceef000       Options.prefix_extractor: nullptr
2021/10/26-13:37:25.273074 70000ceef000   Options.memtable_insert_with_hint_prefix_extractor: nullptr
2021/10/26-13:37:25.273076 70000ceef000             Options.num_levels: 7
2021/10/26-13:37:25.273077 70000ceef000        Options.min_write_buffer_number_to_merge: 1
2021/10/26-13:37:25.273079 70000ceef000     Options.max_write_buffer_number_to_maintain: 0
2021/10/26-13:37:25.273080 70000ceef000            Options.bottommost_compression_opts.window_bits: -14
2021/10/26-13:37:25.273081 70000ceef000                  Options.bottommost_compression_opts.level: 32767
2021/10/26-13:37:25.273083 70000ceef000               Options.bottommost_compression_opts.strategy: 0
2021/10/26-13:37:25.273084 70000ceef000         Options.bottommost_compression_opts.max_dict_bytes: 0
2021/10/26-13:37:25.273086 70000ceef000         Options.bottommost_compression_opts.zstd_max_train_bytes: 0
2021/10/26-13:37:25.273088 70000ceef000                  Options.bottommost_compression_opts.enabled: false
2021/10/26-13:37:25.273089 70000ceef000            Options.compression_opts.window_bits: -14
2021/10/26-13:37:25.273090 70000ceef000                  Options.compression_opts.level: 32767
2021/10/26-13:37:25.273092 70000ceef000               Options.compression_opts.strategy: 0
2021/10/26-13:37:25.273093 70000ceef000         Options.compression_opts.max_dict_bytes: 0
2021/10/26-13:37:25.273094 70000ceef000         Options.compression_opts.zstd_max_train_bytes: 0
2021/10/26-13:37:25.273096 70000ceef000                  Options.compression_opts.enabled: false
2021/10/26-13:37:25.273097 70000ceef000      Options.level0_file_num_compaction_trigger: 4
2021/10/26-13:37:25.273099 70000ceef000          Options.level0_slowdown_writes_trigger: 20
2021/10/26-13:37:25.273100 70000ceef000              Options.level0_stop_writes_trigger: 36
2021/10/26-13:37:25.273102 70000ceef000                   Options.target_file_size_base: 67108864
2021/10/26-13:37:25.273103 70000ceef000             Options.target_file_size_multiplier: 1
2021/10/26-13:37:25.273104 70000ceef000                Options.max_bytes_for_level_base: 268435456
2021/10/26-13:37:25.273106 70000ceef000 Options.level_compaction_dynamic_level_bytes: 0
2021/10/26-13:37:25.273107 70000ceef000          Options.max_bytes_for_level_multiplier: 10.000000
2021/10/26-13:37:25.273109 70000ceef000 Options.max_bytes_for_level_multiplier_addtl[0]: 1
2021/10/26-13:37:25.273111 70000ceef000 Options.max_bytes_for_level_multiplier_addtl[1]: 1
2021/10/26-13:37:25.273112 70000ceef000 Options.max_bytes_for_level_multiplier_addtl[2]: 1
2021/10/26-13:37:25.273114 70000ceef000 Options.max_bytes_for_level_multiplier_addtl[3]: 1
2021/10/26-13:37:25.273116 70000ceef000 Options.max_bytes_for_level_multiplier_addtl[4]: 1
2021/10/26-13:37:25.273117 70000ceef000 Options.max_bytes_for_level_multiplier_addtl[5]: 1
2021/10/26-13:37:25.273118 70000ceef000 Options.max_bytes_for_level_multiplier_addtl[6]: 1
2021/10/26-13:37:25.273145 70000ceef000       Options.max_sequential_skip_in_iterations: 8
2021/10/26-13:37:25.273148 70000ceef000                    Options.max_compaction_bytes: 1677721600
2021/10/26-13:37:25.273149 70000ceef000                        Options.arena_block_size: 2097152
2021/10/26-13:37:25.273151 70000ceef000   Options.soft_pending_compaction_bytes_limit: 68719476736
2021/10/26-13:37:25.273152 70000ceef000   Options.hard_pending_compaction_bytes_limit: 274877906944
2021/10/26-13:37:25.273154 70000ceef000       Options.rate_limit_delay_max_milliseconds: 100
2021/10/26-13:37:25.273155 70000ceef000                Options.disable_auto_compactions: 0
2021/10/26-13:37:25.273157 70000ceef000                        Options.compaction_style: kCompactionStyleUniversal
2021/10/26-13:37:25.273159 70000ceef000                          Options.compaction_pri: kByCompensatedSize
2021/10/26-13:37:25.273160 70000ceef000 Options.compaction_options_universal.size_ratio: 1
2021/10/26-13:37:25.273162 70000ceef000 Options.compaction_options_universal.min_merge_width: 2
2021/10/26-13:37:25.273163 70000ceef000 Options.compaction_options_universal.max_merge_width: 4294967295
2021/10/26-13:37:25.273165 70000ceef000 Options.compaction_options_universal.max_size_amplification_percent: 200
2021/10/26-13:37:25.273166 70000ceef000 Options.compaction_options_universal.compression_size_percent: -1
2021/10/26-13:37:25.273168 70000ceef000 Options.compaction_options_universal.stop_style: kCompactionStopStyleTotalSize
2021/10/26-13:37:25.273169 70000ceef000 Options.compaction_options_fifo.max_table_files_size: 1073741824
2021/10/26-13:37:25.273171 70000ceef000 Options.compaction_options_fifo.allow_compaction: 0
2021/10/26-13:37:25.273172 70000ceef000 Options.compaction_options_fifo.ttl: 0
2021/10/26-13:37:25.273173 70000ceef000                   Options.table_properties_collectors: 
2021/10/26-13:37:25.273175 70000ceef000                   Options.inplace_update_support: 0
2021/10/26-13:37:25.273177 70000ceef000                 Options.inplace_update_num_locks: 10000
2021/10/26-13:37:25.273178 70000ceef000               Options.memtable_prefix_bloom_size_ratio: 0.000000
2021/10/26-13:37:25.273180 70000ceef000   Options.memtable_huge_page_size: 0
2021/10/26-13:37:25.273181 70000ceef000                           Options.bloom_locality: 0
2021/10/26-13:37:25.273183 70000ceef000                    Options.max_successive_merges: 0
2021/10/26-13:37:25.273184 70000ceef000                Options.optimize_filters_for_hits: 0
2021/10/26-13:37:25.273185 70000ceef000                Options.paranoid_file_checks: 0
2021/10/26-13:37:25.273187 70000ceef000                Options.force_consistency_checks: 0
2021/10/26-13:37:25.273188 70000ceef000                Options.report_bg_io_stats: 0
2021/10/26-13:37:25.273189 70000ceef000                               Options.ttl: 0
