2021/10/26-12:57:06.263333 70000395c000 RocksDB version: 5.18.4
2021/10/26-12:57:06.263401 70000395c000 Git sha rocksdb_build_git_sha:b9a4a10659969c71e6f6eab4e4bae8c36ede919f
2021/10/26-12:57:06.263404 70000395c000 Compile date Mar 11 2020
2021/10/26-12:57:06.263408 70000395c000 DB SUMMARY
2021/10/26-12:57:06.263502 70000395c000 CURRENT file:  CURRENT
2021/10/26-12:57:06.263504 70000395c000 IDENTITY file:  IDENTITY
2021/10/26-12:57:06.263513 70000395c000 MANIFEST file:  MANIFEST-000069 size: 265 Bytes
2021/10/26-12:57:06.263516 70000395c000 SST files in /Users/ketangote/workspace_learning/spring-kafka-examples/ktable-demo/department-aggregate/employee-department-store/EmployeeService-process-applicationId/1_0/rocksdb/KSTREAM-TOTABLE-STATE-STORE-0000000005 dir, Total Num: 3, files: 000066.sst 000067.sst 000073.sst 
2021/10/26-12:57:06.263517 70000395c000 Write Ahead Log file in /Users/ketangote/workspace_learning/spring-kafka-examples/ktable-demo/department-aggregate/employee-department-store/EmployeeService-process-applicationId/1_0/rocksdb/KSTREAM-TOTABLE-STATE-STORE-0000000005: 000070.log size: 0 ; 
2021/10/26-12:57:06.263521 70000395c000                         Options.error_if_exists: 0
2021/10/26-12:57:06.263524 70000395c000                       Options.create_if_missing: 1
2021/10/26-12:57:06.263527 70000395c000                         Options.paranoid_checks: 1
2021/10/26-12:57:06.263528 70000395c000                                     Options.env: 0x12cbaf308
2021/10/26-12:57:06.263529 70000395c000                                Options.info_log: 0x7fbbcdd2fe40
2021/10/26-12:57:06.263530 70000395c000                Options.max_file_opening_threads: 16
2021/10/26-12:57:06.263531 70000395c000                              Options.statistics: 0x0
2021/10/26-12:57:06.263532 70000395c000                               Options.use_fsync: 0
2021/10/26-12:57:06.263533 70000395c000                       Options.max_log_file_size: 0
2021/10/26-12:57:06.263534 70000395c000                  Options.max_manifest_file_size: 1073741824
2021/10/26-12:57:06.263535 70000395c000                   Options.log_file_time_to_roll: 0
2021/10/26-12:57:06.263536 70000395c000                       Options.keep_log_file_num: 1000
2021/10/26-12:57:06.263537 70000395c000                    Options.recycle_log_file_num: 0
2021/10/26-12:57:06.263538 70000395c000                         Options.allow_fallocate: 1
2021/10/26-12:57:06.263539 70000395c000                        Options.allow_mmap_reads: 0
2021/10/26-12:57:06.263540 70000395c000                       Options.allow_mmap_writes: 0
2021/10/26-12:57:06.263541 70000395c000                        Options.use_direct_reads: 0
2021/10/26-12:57:06.263542 70000395c000                        Options.use_direct_io_for_flush_and_compaction: 0
2021/10/26-12:57:06.263543 70000395c000          Options.create_missing_column_families: 0
2021/10/26-12:57:06.263543 70000395c000                              Options.db_log_dir: 
2021/10/26-12:57:06.263544 70000395c000                                 Options.wal_dir: /Users/ketangote/workspace_learning/spring-kafka-examples/ktable-demo/department-aggregate/employee-department-store/EmployeeService-process-applicationId/1_0/rocksdb/KSTREAM-TOTABLE-STATE-STORE-0000000005
2021/10/26-12:57:06.263545 70000395c000                Options.table_cache_numshardbits: 6
2021/10/26-12:57:06.263546 70000395c000                      Options.max_subcompactions: 1
2021/10/26-12:57:06.263547 70000395c000                  Options.max_background_flushes: -1
2021/10/26-12:57:06.263548 70000395c000                         Options.WAL_ttl_seconds: 0
2021/10/26-12:57:06.263549 70000395c000                       Options.WAL_size_limit_MB: 0
2021/10/26-12:57:06.263550 70000395c000             Options.manifest_preallocation_size: 4194304
2021/10/26-12:57:06.263551 70000395c000                     Options.is_fd_close_on_exec: 1
2021/10/26-12:57:06.263552 70000395c000                   Options.advise_random_on_open: 1
2021/10/26-12:57:06.263553 70000395c000                    Options.db_write_buffer_size: 0
2021/10/26-12:57:06.263554 70000395c000                    Options.write_buffer_manager: 0x7fbbcdd340e0
2021/10/26-12:57:06.263601 70000395c000         Options.access_hint_on_compaction_start: 1
2021/10/26-12:57:06.263602 70000395c000  Options.new_table_reader_for_compaction_inputs: 0
2021/10/26-12:57:06.263603 70000395c000           Options.random_access_max_buffer_size: 1048576
2021/10/26-12:57:06.263604 70000395c000                      Options.use_adaptive_mutex: 0
2021/10/26-12:57:06.263605 70000395c000                            Options.rate_limiter: 0x0
2021/10/26-12:57:06.263608 70000395c000     Options.sst_file_manager.rate_bytes_per_sec: 0
2021/10/26-12:57:06.263609 70000395c000                       Options.wal_recovery_mode: 2
2021/10/26-12:57:06.263610 70000395c000                  Options.enable_thread_tracking: 0
2021/10/26-12:57:06.263611 70000395c000                  Options.enable_pipelined_write: 0
2021/10/26-12:57:06.263612 70000395c000         Options.allow_concurrent_memtable_write: 1
2021/10/26-12:57:06.263613 70000395c000      Options.enable_write_thread_adaptive_yield: 1
2021/10/26-12:57:06.263614 70000395c000             Options.write_thread_max_yield_usec: 100
2021/10/26-12:57:06.263615 70000395c000            Options.write_thread_slow_yield_usec: 3
2021/10/26-12:57:06.263616 70000395c000                               Options.row_cache: None
2021/10/26-12:57:06.263617 70000395c000                              Options.wal_filter: None
2021/10/26-12:57:06.263618 70000395c000             Options.avoid_flush_during_recovery: 0
2021/10/26-12:57:06.263619 70000395c000             Options.allow_ingest_behind: 0
2021/10/26-12:57:06.263619 70000395c000             Options.preserve_deletes: 0
2021/10/26-12:57:06.263620 70000395c000             Options.two_write_queues: 0
2021/10/26-12:57:06.263621 70000395c000             Options.manual_wal_flush: 0
2021/10/26-12:57:06.263622 70000395c000             Options.max_background_jobs: 8
2021/10/26-12:57:06.263623 70000395c000             Options.max_background_compactions: -1
2021/10/26-12:57:06.263624 70000395c000             Options.avoid_flush_during_shutdown: 0
2021/10/26-12:57:06.263625 70000395c000           Options.writable_file_max_buffer_size: 1048576
2021/10/26-12:57:06.263626 70000395c000             Options.delayed_write_rate : 16777216
2021/10/26-12:57:06.263627 70000395c000             Options.max_total_wal_size: 0
2021/10/26-12:57:06.263628 70000395c000             Options.delete_obsolete_files_period_micros: 21600000000
2021/10/26-12:57:06.263629 70000395c000                   Options.stats_dump_period_sec: 600
2021/10/26-12:57:06.263630 70000395c000                          Options.max_open_files: -1
2021/10/26-12:57:06.263631 70000395c000                          Options.bytes_per_sync: 0
2021/10/26-12:57:06.263632 70000395c000                      Options.wal_bytes_per_sync: 0
2021/10/26-12:57:06.263633 70000395c000       Options.compaction_readahead_size: 0
2021/10/26-12:57:06.263634 70000395c000 Compression algorithms supported:
2021/10/26-12:57:06.263637 70000395c000 	kZSTD supported: 1
2021/10/26-12:57:06.263638 70000395c000 	kZlibCompression supported: 1
2021/10/26-12:57:06.263639 70000395c000 	kXpressCompression supported: 0
2021/10/26-12:57:06.263640 70000395c000 	kSnappyCompression supported: 1
2021/10/26-12:57:06.263641 70000395c000 	kZSTDNotFinalCompression supported: 1
2021/10/26-12:57:06.263642 70000395c000 	kLZ4HCCompression supported: 1
2021/10/26-12:57:06.263643 70000395c000 	kLZ4Compression supported: 1
2021/10/26-12:57:06.263644 70000395c000 	kBZip2Compression supported: 1
2021/10/26-12:57:06.263649 70000395c000 Fast CRC32 supported: Not supported on x86
2021/10/26-12:57:06.264240 70000395c000               Options.comparator: leveldb.BytewiseComparator
2021/10/26-12:57:06.264245 70000395c000           Options.merge_operator: None
2021/10/26-12:57:06.264246 70000395c000        Options.compaction_filter: None
2021/10/26-12:57:06.264247 70000395c000        Options.compaction_filter_factory: None
2021/10/26-12:57:06.264249 70000395c000         Options.memtable_factory: SkipListFactory
2021/10/26-12:57:06.264297 70000395c000            Options.table_factory: BlockBasedTable
2021/10/26-12:57:06.264322 70000395c000            table_factory options:   flush_block_policy_factory: FlushBlockBySizePolicyFactory (0x7fbbcdd30940)
  cache_index_and_filter_blocks: 0
  cache_index_and_filter_blocks_with_high_priority: 0
  pin_l0_filter_and_index_blocks_in_cache: 0
  pin_top_level_index_and_filter: 1
  index_type: 0
  hash_index_allow_collision: 1
  checksum: 1
  no_block_cache: 0
  block_cache: 0x7fbbcdd31a78
  block_cache_name: LRUCache
  block_cache_options:
    capacity : 52428800
    num_shard_bits : 6
    strict_capacity_limit : 0
    memory_allocator : None
    high_pri_pool_ratio: 0.000
  block_cache_compressed: 0x0
  persistent_cache: 0x0
  block_size: 4096
  block_size_deviation: 10
  block_restart_interval: 16
  index_block_restart_interval: 1
  metadata_block_size: 4096
  partition_filters: 0
  use_delta_encoding: 1
  filter_policy: rocksdb.BuiltinBloomFilter
  whole_key_filtering: 1
  verify_compression: 0
  read_amp_bytes_per_bit: 0
  format_version: 0
  enable_index_compression: 1
  block_align: 0
2021/10/26-12:57:06.264326 70000395c000        Options.write_buffer_size: 16777216
2021/10/26-12:57:06.264328 70000395c000  Options.max_write_buffer_number: 3
2021/10/26-12:57:06.264329 70000395c000          Options.compression: NoCompression
2021/10/26-12:57:06.264330 70000395c000                  Options.bottommost_compression: Disabled
2021/10/26-12:57:06.264331 70000395c000       Options.prefix_extractor: nullptr
2021/10/26-12:57:06.264332 70000395c000   Options.memtable_insert_with_hint_prefix_extractor: nullptr
2021/10/26-12:57:06.264333 70000395c000             Options.num_levels: 7
2021/10/26-12:57:06.264334 70000395c000        Options.min_write_buffer_number_to_merge: 1
2021/10/26-12:57:06.264335 70000395c000     Options.max_write_buffer_number_to_maintain: 0
2021/10/26-12:57:06.264336 70000395c000            Options.bottommost_compression_opts.window_bits: -14
2021/10/26-12:57:06.264337 70000395c000                  Options.bottommost_compression_opts.level: 32767
2021/10/26-12:57:06.264338 70000395c000               Options.bottommost_compression_opts.strategy: 0
2021/10/26-12:57:06.264341 70000395c000         Options.bottommost_compression_opts.max_dict_bytes: 0
2021/10/26-12:57:06.264342 70000395c000         Options.bottommost_compression_opts.zstd_max_train_bytes: 0
2021/10/26-12:57:06.264343 70000395c000                  Options.bottommost_compression_opts.enabled: false
2021/10/26-12:57:06.264345 70000395c000            Options.compression_opts.window_bits: -14
2021/10/26-12:57:06.264346 70000395c000                  Options.compression_opts.level: 32767
2021/10/26-12:57:06.264347 70000395c000               Options.compression_opts.strategy: 0
2021/10/26-12:57:06.264348 70000395c000         Options.compression_opts.max_dict_bytes: 0
2021/10/26-12:57:06.264349 70000395c000         Options.compression_opts.zstd_max_train_bytes: 0
2021/10/26-12:57:06.264350 70000395c000                  Options.compression_opts.enabled: false
2021/10/26-12:57:06.264351 70000395c000      Options.level0_file_num_compaction_trigger: 4
2021/10/26-12:57:06.264352 70000395c000          Options.level0_slowdown_writes_trigger: 20
2021/10/26-12:57:06.264353 70000395c000              Options.level0_stop_writes_trigger: 36
2021/10/26-12:57:06.264354 70000395c000                   Options.target_file_size_base: 67108864
2021/10/26-12:57:06.264355 70000395c000             Options.target_file_size_multiplier: 1
2021/10/26-12:57:06.264356 70000395c000                Options.max_bytes_for_level_base: 268435456
2021/10/26-12:57:06.264357 70000395c000 Options.level_compaction_dynamic_level_bytes: 0
2021/10/26-12:57:06.264358 70000395c000          Options.max_bytes_for_level_multiplier: 10.000000
2021/10/26-12:57:06.264360 70000395c000 Options.max_bytes_for_level_multiplier_addtl[0]: 1
2021/10/26-12:57:06.264361 70000395c000 Options.max_bytes_for_level_multiplier_addtl[1]: 1
2021/10/26-12:57:06.264362 70000395c000 Options.max_bytes_for_level_multiplier_addtl[2]: 1
2021/10/26-12:57:06.264399 70000395c000 Options.max_bytes_for_level_multiplier_addtl[3]: 1
2021/10/26-12:57:06.264400 70000395c000 Options.max_bytes_for_level_multiplier_addtl[4]: 1
2021/10/26-12:57:06.264401 70000395c000 Options.max_bytes_for_level_multiplier_addtl[5]: 1
2021/10/26-12:57:06.264402 70000395c000 Options.max_bytes_for_level_multiplier_addtl[6]: 1
2021/10/26-12:57:06.264403 70000395c000       Options.max_sequential_skip_in_iterations: 8
2021/10/26-12:57:06.264404 70000395c000                    Options.max_compaction_bytes: 1677721600
2021/10/26-12:57:06.264405 70000395c000                        Options.arena_block_size: 2097152
2021/10/26-12:57:06.264406 70000395c000   Options.soft_pending_compaction_bytes_limit: 68719476736
2021/10/26-12:57:06.264407 70000395c000   Options.hard_pending_compaction_bytes_limit: 274877906944
2021/10/26-12:57:06.264408 70000395c000       Options.rate_limit_delay_max_milliseconds: 100
2021/10/26-12:57:06.264409 70000395c000                Options.disable_auto_compactions: 0
2021/10/26-12:57:06.264411 70000395c000                        Options.compaction_style: kCompactionStyleUniversal
2021/10/26-12:57:06.264412 70000395c000                          Options.compaction_pri: kByCompensatedSize
2021/10/26-12:57:06.264413 70000395c000 Options.compaction_options_universal.size_ratio: 1
2021/10/26-12:57:06.264414 70000395c000 Options.compaction_options_universal.min_merge_width: 2
2021/10/26-12:57:06.264415 70000395c000 Options.compaction_options_universal.max_merge_width: 4294967295
2021/10/26-12:57:06.264416 70000395c000 Options.compaction_options_universal.max_size_amplification_percent: 200
2021/10/26-12:57:06.264417 70000395c000 Options.compaction_options_universal.compression_size_percent: -1
2021/10/26-12:57:06.264420 70000395c000 Options.compaction_options_universal.stop_style: kCompactionStopStyleTotalSize
2021/10/26-12:57:06.264422 70000395c000 Options.compaction_options_fifo.max_table_files_size: 1073741824
2021/10/26-12:57:06.264423 70000395c000 Options.compaction_options_fifo.allow_compaction: 0
2021/10/26-12:57:06.264424 70000395c000 Options.compaction_options_fifo.ttl: 0
2021/10/26-12:57:06.264425 70000395c000                   Options.table_properties_collectors: 
2021/10/26-12:57:06.264425 70000395c000                   Options.inplace_update_support: 0
2021/10/26-12:57:06.264426 70000395c000                 Options.inplace_update_num_locks: 10000
2021/10/26-12:57:06.264427 70000395c000               Options.memtable_prefix_bloom_size_ratio: 0.000000
2021/10/26-12:57:06.264429 70000395c000   Options.memtable_huge_page_size: 0
2021/10/26-12:57:06.264430 70000395c000                           Options.bloom_locality: 0
2021/10/26-12:57:06.264431 70000395c000                    Options.max_successive_merges: 0
2021/10/26-12:57:06.264432 70000395c000                Options.optimize_filters_for_hits: 0
2021/10/26-12:57:06.264432 70000395c000                Options.paranoid_file_checks: 0
2021/10/26-12:57:06.264433 70000395c000                Options.force_consistency_checks: 0
2021/10/26-12:57:06.264434 70000395c000                Options.report_bg_io_stats: 0
2021/10/26-12:57:06.264435 70000395c000                               Options.ttl: 0
2021/10/26-12:57:06.264772 70000395c000               Options.comparator: leveldb.BytewiseComparator
2021/10/26-12:57:06.264776 70000395c000           Options.merge_operator: None
2021/10/26-12:57:06.264778 70000395c000        Options.compaction_filter: None
2021/10/26-12:57:06.264779 70000395c000        Options.compaction_filter_factory: None
2021/10/26-12:57:06.264780 70000395c000         Options.memtable_factory: SkipListFactory
2021/10/26-12:57:06.264781 70000395c000            Options.table_factory: BlockBasedTable
2021/10/26-12:57:06.264793 70000395c000            table_factory options:   flush_block_policy_factory: FlushBlockBySizePolicyFactory (0x7fbbcdd30940)
  cache_index_and_filter_blocks: 0
  cache_index_and_filter_blocks_with_high_priority: 0
  pin_l0_filter_and_index_blocks_in_cache: 0
  pin_top_level_index_and_filter: 1
  index_type: 0
  hash_index_allow_collision: 1
  checksum: 1
  no_block_cache: 0
  block_cache: 0x7fbbcdd31a78
  block_cache_name: LRUCache
  block_cache_options:
    capacity : 52428800
    num_shard_bits : 6
    strict_capacity_limit : 0
    memory_allocator : None
    high_pri_pool_ratio: 0.000
  block_cache_compressed: 0x0
  persistent_cache: 0x0
  block_size: 4096
  block_size_deviation: 10
  block_restart_interval: 16
  index_block_restart_interval: 1
  metadata_block_size: 4096
  partition_filters: 0
  use_delta_encoding: 1
  filter_policy: rocksdb.BuiltinBloomFilter
  whole_key_filtering: 1
  verify_compression: 0
  read_amp_bytes_per_bit: 0
  format_version: 0
  enable_index_compression: 1
  block_align: 0
2021/10/26-12:57:06.264844 70000395c000        Options.write_buffer_size: 16777216
2021/10/26-12:57:06.264846 70000395c000  Options.max_write_buffer_number: 3
2021/10/26-12:57:06.264847 70000395c000          Options.compression: NoCompression
2021/10/26-12:57:06.264848 70000395c000                  Options.bottommost_compression: Disabled
2021/10/26-12:57:06.264849 70000395c000       Options.prefix_extractor: nullptr
2021/10/26-12:57:06.264850 70000395c000   Options.memtable_insert_with_hint_prefix_extractor: nullptr
2021/10/26-12:57:06.264851 70000395c000             Options.num_levels: 7
2021/10/26-12:57:06.264852 70000395c000        Options.min_write_buffer_number_to_merge: 1
2021/10/26-12:57:06.264853 70000395c000     Options.max_write_buffer_number_to_maintain: 0
2021/10/26-12:57:06.264854 70000395c000            Options.bottommost_compression_opts.window_bits: -14
2021/10/26-12:57:06.264855 70000395c000                  Options.bottommost_compression_opts.level: 32767
2021/10/26-12:57:06.264856 70000395c000               Options.bottommost_compression_opts.strategy: 0
2021/10/26-12:57:06.264857 70000395c000         Options.bottommost_compression_opts.max_dict_bytes: 0
2021/10/26-12:57:06.264858 70000395c000         Options.bottommost_compression_opts.zstd_max_train_bytes: 0
2021/10/26-12:57:06.264859 70000395c000                  Options.bottommost_compression_opts.enabled: false
2021/10/26-12:57:06.264860 70000395c000            Options.compression_opts.window_bits: -14
2021/10/26-12:57:06.264861 70000395c000                  Options.compression_opts.level: 32767
2021/10/26-12:57:06.264862 70000395c000               Options.compression_opts.strategy: 0
2021/10/26-12:57:06.264863 70000395c000         Options.compression_opts.max_dict_bytes: 0
2021/10/26-12:57:06.264864 70000395c000         Options.compression_opts.zstd_max_train_bytes: 0
2021/10/26-12:57:06.264865 70000395c000                  Options.compression_opts.enabled: false
2021/10/26-12:57:06.264866 70000395c000      Options.level0_file_num_compaction_trigger: 4
2021/10/26-12:57:06.264866 70000395c000          Options.level0_slowdown_writes_trigger: 20
2021/10/26-12:57:06.264867 70000395c000              Options.level0_stop_writes_trigger: 36
2021/10/26-12:57:06.264868 70000395c000                   Options.target_file_size_base: 67108864
2021/10/26-12:57:06.264869 70000395c000             Options.target_file_size_multiplier: 1
2021/10/26-12:57:06.264870 70000395c000                Options.max_bytes_for_level_base: 268435456
2021/10/26-12:57:06.264871 70000395c000 Options.level_compaction_dynamic_level_bytes: 0
2021/10/26-12:57:06.264872 70000395c000          Options.max_bytes_for_level_multiplier: 10.000000
2021/10/26-12:57:06.264874 70000395c000 Options.max_bytes_for_level_multiplier_addtl[0]: 1
2021/10/26-12:57:06.264875 70000395c000 Options.max_bytes_for_level_multiplier_addtl[1]: 1
2021/10/26-12:57:06.264876 70000395c000 Options.max_bytes_for_level_multiplier_addtl[2]: 1
2021/10/26-12:57:06.264877 70000395c000 Options.max_bytes_for_level_multiplier_addtl[3]: 1
2021/10/26-12:57:06.264878 70000395c000 Options.max_bytes_for_level_multiplier_addtl[4]: 1
2021/10/26-12:57:06.264879 70000395c000 Options.max_bytes_for_level_multiplier_addtl[5]: 1
2021/10/26-12:57:06.264880 70000395c000 Options.max_bytes_for_level_multiplier_addtl[6]: 1
2021/10/26-12:57:06.264918 70000395c000       Options.max_sequential_skip_in_iterations: 8
2021/10/26-12:57:06.264920 70000395c000                    Options.max_compaction_bytes: 1677721600
2021/10/26-12:57:06.264921 70000395c000                        Options.arena_block_size: 2097152
2021/10/26-12:57:06.264922 70000395c000   Options.soft_pending_compaction_bytes_limit: 68719476736
2021/10/26-12:57:06.264923 70000395c000   Options.hard_pending_compaction_bytes_limit: 274877906944
2021/10/26-12:57:06.264924 70000395c000       Options.rate_limit_delay_max_milliseconds: 100
2021/10/26-12:57:06.264925 70000395c000                Options.disable_auto_compactions: 0
2021/10/26-12:57:06.264926 70000395c000                        Options.compaction_style: kCompactionStyleUniversal
2021/10/26-12:57:06.264927 70000395c000                          Options.compaction_pri: kByCompensatedSize
2021/10/26-12:57:06.264928 70000395c000 Options.compaction_options_universal.size_ratio: 1
2021/10/26-12:57:06.264929 70000395c000 Options.compaction_options_universal.min_merge_width: 2
2021/10/26-12:57:06.264930 70000395c000 Options.compaction_options_universal.max_merge_width: 4294967295
2021/10/26-12:57:06.264931 70000395c000 Options.compaction_options_universal.max_size_amplification_percent: 200
2021/10/26-12:57:06.264932 70000395c000 Options.compaction_options_universal.compression_size_percent: -1
2021/10/26-12:57:06.264933 70000395c000 Options.compaction_options_universal.stop_style: kCompactionStopStyleTotalSize
2021/10/26-12:57:06.264934 70000395c000 Options.compaction_options_fifo.max_table_files_size: 1073741824
2021/10/26-12:57:06.264935 70000395c000 Options.compaction_options_fifo.allow_compaction: 0
2021/10/26-12:57:06.264936 70000395c000 Options.compaction_options_fifo.ttl: 0
2021/10/26-12:57:06.264937 70000395c000                   Options.table_properties_collectors: 
2021/10/26-12:57:06.264938 70000395c000                   Options.inplace_update_support: 0
2021/10/26-12:57:06.264939 70000395c000                 Options.inplace_update_num_locks: 10000
2021/10/26-12:57:06.264940 70000395c000               Options.memtable_prefix_bloom_size_ratio: 0.000000
2021/10/26-12:57:06.264941 70000395c000   Options.memtable_huge_page_size: 0
2021/10/26-12:57:06.264942 70000395c000                           Options.bloom_locality: 0
2021/10/26-12:57:06.264943 70000395c000                    Options.max_successive_merges: 0
2021/10/26-12:57:06.264944 70000395c000                Options.optimize_filters_for_hits: 0
2021/10/26-12:57:06.264945 70000395c000                Options.paranoid_file_checks: 0
2021/10/26-12:57:06.264946 70000395c000                Options.force_consistency_checks: 0
2021/10/26-12:57:06.264947 70000395c000                Options.report_bg_io_stats: 0
2021/10/26-12:57:06.264947 70000395c000                               Options.ttl: 0
